2 0.3234375 0.74921875 0.33125 0.74453125 0.3421875 0.70703125 0.33515625 0.671875 0.3234375 0.67734375 0.31015625 0.7109375 0.29921875 0.690625 0.29140625 0.703125 0.2828125 0.70234375 0.2828125 0.69453125 0.2953125 0.68828125 0.29140625 0.6828125 0.275 0.68359375 0.2796875 0.70703125 0.3 0.71953125 0.2953125 0.75390625 0.29921875 0.7625 0.3078125 0.76171875 0.31796875 0.75625 0.32265625 0.7609375 0.3296875 0.75390625 0.3234375 0.74921875
2 0.1109375 0.78203125 0.10625 0.88203125 0.1125 0.88671875 0.1390625 0.84609375 0.14609375 0.746875 0.12265625 0.7640625 0.1109375 0.78203125
2 0.2484375 0.47734375 0.24375 0.45234375 0.2265625 0.43984375 0.23125 0.42421875 0.2265625 0.42109375 0.2390625 0.40859375 0.246875 0.37578125 0.24140625 0.3703125 0.21640625 0.3734375 0.20859375 0.3578125 0.2 0.36484375 0.1953125 0.39921875 0.18515625 0.4140625 0.16484375 0.403125 0.16171875 0.428125 0.14296875 0.4171875 0.134375 0.42109375 0.1421875 0.44609375 0.16875 0.47265625 0.1578125 0.52734375 0.1734375 0.54140625 0.1703125 0.56171875 0.18671875 0.55625 0.19609375 0.565625 0.203125 0.56484375 0.21328125 0.55625 0.23125 0.55859375 0.240625 0.49140625 0.2484375 0.47734375
2 0.42421875 0.9953125 0.434375 0.98203125 0.428125 0.93984375 0.4390625 0.91015625 0.43515625 0.9078125 0.42109375 0.9203125 0.403125 0.91015625 0.4015625 0.81640625 0.3828125 0.76484375 0.36640625 0.74375 0.346875 0.75859375 0.34375 0.80234375 0.33203125 0.8015625 0.33046875 0.7890625 0.32734375 0.7953125 0.31484375 0.7921875 0.31484375 0.8 0.328125 0.80234375 0.31328125 0.8046875 0.30625 0.82421875 0.3203125 0.86328125 0.321875 0.88828125 0.33046875 0.8984375 0.34296875 0.8984375 0.3484375 0.90859375 0.3453125 0.98203125 0.35859375 0.984375 0.37109375 1 0.4015625 0.99921875 0.40546875 0.9890625 0.40859375 0.9984375 0.41171875 0.9921875 0.42421875 0.9953125
2 0.21875 0.28828125 0.209375 0.26796875 0.19609375 0.2546875 0.18125 0.25078125 0.178125 0.22109375 0.16015625 0.21875 0.1453125 0.20703125 0.1484375 0.19296875 0.1671875 0.17265625 0.1625 0.15703125 0.1484375 0.14609375 0.1546875 0.11171875 0.13828125 0.0953125 0.12265625 0.0953125 0.11171875 0.0828125 0.09375 0.07578125 0.1078125 0.03671875 0.1 0.01640625 0.08671875 0.003125 0.00078125 0 0 0.16640625 0.009375 0.16328125 0.0078125 0.20390625 0.01640625 0.20625 0.03359375 0.19375 0.04609375 0.2125 0.08046875 0.21875 0.0734375 0.23671875 0.0921875 0.25078125 0.09296875 0.271875 0.09765625 0.265625 0.115625 0.27109375 0.11875 0.31015625 0.12578125 0.3171875 0.1609375 0.31796875 0.16953125 0.3109375 0.18984375 0.3125 0.21484375 0.3015625 0.21875 0.28828125
2 0.42578125 0 0.4328125 0.01953125 0.428125 0.03828125 0.4359375 0.06953125 0.4546875 0.06953125 0.46875 0.05390625 0.4703125 0.03671875 0.4609375 0.02421875 0.475 0.02421875 0.465625 0.01640625 0.46875 0.00859375 0.45703125 0 0.42578125 0
2 0.6546875 0.61015625 0.6546875 0.60078125 0.6421875 0.58671875 0.63671875 0.5515625 0.62734375 0.5625 0.61640625 0.5625 0.59296875 0.54375 0.58125 0.58046875 0.60625 0.63203125 0.6203125 0.62421875 0.63515625 0.6390625 0.6375 0.61953125 0.6546875 0.61015625
2 0.40078125 0 0.4125 0.02421875 0.40625 0.05390625 0.428125 0.07109375 0.4296875 0.11015625 0.4234375 0.11015625 0.415625 0.08203125 0.39296875 0.065625 0.390625 0.07734375 0.4 0.08828125 0.4 0.09765625 0.390625 0.14296875 0.40078125 0.146875 0.41015625 0.1375 0.42421875 0.14375 0.43984375 0.140625 0.4375 0.15390625 0.44453125 0.1625 0.459375 0.15703125 0.4546875 0.20546875 0.46484375 0.1953125 0.471875 0.21484375 0.4890625 0.22421875 0.4953125 0.21640625 0.4984375 0.16171875 0.5140625 0.15234375 0.515625 0.14140625 0.4984375 0.13046875 0.5015625 0.09296875 0.4890625 0.08828125 0.4890625 0.06796875 0.471875 0.05390625 0.4859375 0.03515625 0.4859375 0.02109375 0.475 0.01328125 0.47578125 0 0.40078125 0
2 0.80390625 0.9578125 0.7765625 0.94609375 0.7765625 0.91796875 0.765625 0.89765625 0.771875 0.85859375 0.7671875 0.81484375 0.76171875 0.803125 0.75234375 0.809375 0.73515625 0.8046875 0.7265625 0.77734375 0.7109375 0.76953125 0.7203125 0.76640625 0.7203125 0.75078125 0.73125 0.72734375 0.7109375 0.66171875 0.69296875 0.646875 0.67109375 0.65625 0.66796875 0.65 0.66171875 0.65625 0.65546875 0.653125 0.65625 0.67265625 0.64296875 0.6734375 0.6421875 0.68203125 0.65625 0.68203125 0.6515625 0.68828125 0.6578125 0.70078125 0.65625 0.72109375 0.6453125 0.73671875 0.6546875 0.76015625 0.65625 0.81640625 0.6640625 0.83203125 0.6578125 0.88515625 0.6703125 0.89453125 0.67421875 0.90625 0.68671875 0.8984375 0.696875 0.91015625 0.7046875 0.94765625 0.69375 0.98515625 0.7015625 0.99921875 0.7109375 0.99453125 0.709375 0.97109375 0.71484375 0.9578125 0.7515625 0.98828125 0.75390625 1 0.76875 0.99921875 0.78515625 0.971875 0.79921875 0.9765625 0.8078125 0.97265625 0.80390625 0.9578125
2 0.6015625 0.63515625 0.58671875 0.609375 0.5765625 0.61171875 0.5765625 0.65703125 0.58125 0.66328125 0.58515625 0.6578125 0.59296875 0.6625 0.6015625 0.65859375 0.6015625 0.63515625
2 0.6328125 0.55078125 0.62421875 0.571875 0.6078125 0.56171875 0.59765625 0.5375 0.5890625 0.54921875 0.5828125 0.58046875 0.5859375 0.59140625 0.59140625 0.5953125 0.60390625 0.5890625 0.621875 0.60546875 0.6234375 0.62265625 0.6296875 0.62421875 0.6546875 0.60546875 0.6375 0.58515625 0.640625 0.55390625 0.6328125 0.55078125
2 0.1875 0.92890625 0.1796875 0.89921875 0.1859375 0.85390625 0.1828125 0.82734375 0.14453125 0.8265625 0.140625 0.84921875 0.1171875 0.88671875 0.11015625 0.890625 0.1046875 0.88359375 0.10625 0.84765625 0.0921875 0.83984375 0.1046875 0.81640625 0.103125 0.78828125 0.1125 0.76171875 0.10390625 0.7515625 0.0703125 0.73515625 0.0765625 0.68671875 0.0703125 0.67734375 0.06875 0.64453125 0.0484375 0.61640625 0.0453125 0.58671875 0.02109375 0.578125 0.0234375 0.56640625 0.0109375 0.56171875 0.025 0.53828125 0.0125 0.51484375 0.009375 0.47109375 0.00078125 0.46875 0 0.59140625 0.00390625 0.596875 0.0140625 0.59296875 0.025 0.63828125 0.025 0.69140625 0.0296875 0.70078125 0.028125 0.71171875 0.0171875 0.71796875 0.01875 0.73359375 0.025 0.73671875 0.0203125 0.74140625 0.02890625 0.74375 0.03203125 0.7203125 0.0453125 0.73359375 0.0390625 0.76484375 0.0453125 0.78515625 0.04375 0.81640625 0.0609375 0.83203125 0.0609375 0.85859375 0.08125 0.88203125 0.0796875 0.89453125 0.06953125 0.89375 0.0625 0.91015625 0.0625 0.91640625 0.07265625 0.921875 0.07890625 0.9140625 0.08125 0.92578125 0.071875 0.92734375 0.06328125 0.95 0.0609375 0.94140625 0.05625 0.94296875 0.05 0.97109375 0.0265625 0.99921875 0.0484375 0.99765625 0.046875 0.98046875 0.0625 0.98046875 0.0625 0.96640625 0.0765625 0.95390625 0.08515625 0.9328125 0.10234375 0.95 0.1109375 0.93671875 0.1125 0.95390625 0.1015625 0.97734375 0.1203125 0.98984375 0.11484375 1 0.2203125 0.99921875 0.2171875 0.96796875 0.19296875 0.9703125 0.1828125 0.94609375 0.1875 0.92890625
2 0.271875 0.60078125 0.2515625 0.56484375 0.2578125 0.55859375 0.25546875 0.5515625 0.24453125 0.55 0.2375 0.56171875 0.2265625 0.61484375 0.2328125 0.62578125 0.24765625 0.5984375 0.25703125 0.6140625 0.2734375 0.61640625 0.271875 0.60078125
2 0.70703125 0 0.7046875 0.00859375 0.7125 0.02421875 0.6984375 0.06484375 0.7 0.09296875 0.71640625 0.09375 0.75390625 0.0609375 0.75859375 0.065625 0.76640625 0.0625 0.771875 0.07109375 0.76875 0.11015625 0.753125 0.12265625 0.75625 0.13046875 0.7484375 0.16171875 0.75 0.18046875 0.7609375 0.18359375 0.775 0.17265625 0.7765625 0.10234375 0.7828125 0.09921875 0.790625 0.01640625 0.77578125 0 0.70703125 0
2 1 0.36484375 0.98203125 0.3625 0.97265625 0.35 0.95546875 0.375 0.94453125 0.3734375 0.9359375 0.35859375 0.9453125 0.34453125 0.946875 0.32109375 0.93046875 0.3 0.909375 0.30390625 0.9078125 0.28359375 0.9 0.27265625 0.909375 0.25078125 0.91484375 0.253125 0.93046875 0.2421875 0.95078125 0.2828125 0.95390625 0.271875 0.98671875 0.265625 0.99375 0.24609375 0.975 0.22421875 0.97421875 0.203125 0.94296875 0.221875 0.92578125 0.2203125 0.9171875 0.21015625 0.915625 0.19609375 0.9 0.18359375 0.9 0.14765625 0.87890625 0.171875 0.8546875 0.13828125 0.8546875 0.10546875 0.8703125 0.09609375 0.86875 0.08203125 0.8765625 0.07890625 0.8625 0.07578125 0.8625 0.03203125 0.88828125 0.0234375 0.8984375 0.01015625 0.896875 0.00078125 0.80859375 0 0.803125 0.02421875 0.80625 0.07734375 0.790625 0.12890625 0.790625 0.23515625 0.821875 0.25859375 0.8390625 0.29140625 0.8390625 0.34296875 0.8546875 0.37109375 0.834375 0.41640625 0.85078125 0.41875 0.85703125 0.4390625 0.87890625 0.4375 0.89375 0.47109375 0.90390625 0.4703125 0.90546875 0.4796875 0.91796875 0.478125 0.925 0.48515625 0.93125 0.50703125 0.9265625 0.52421875 0.9296875 0.58828125 0.9390625 0.59765625 0.9453125 0.61953125 0.940625 0.65078125 0.9484375 0.67421875 0.9703125 0.69453125 0.9734375 0.76953125 0.9546875 0.84140625 0.95859375 0.8515625 0.9890625 0.85859375 0.99375 0.89921875 1 0.89765625 1 0.36484375
2 0.90625 0.07890625 0.91796875 0.0484375 0.884375 0.07578125 0.8984375 0.12734375 0.9078125 0.13203125 0.9109375 0.10859375 0.934375 0.09765625 0.93359375 0.0921875 0.90625 0.07890625
2 0 0.80859375 0.00859375 0.80625 0.015625 0.82421875 0.0203125 0.82421875 0.01875 0.76171875 0.0390625 0.74921875 0.03515625 0.74375 0.01328125 0.7453125 0 0.75390625 0 0.80859375
2 0.57734375 0.3859375 0.5640625 0.40078125 0.56875 0.42890625 0.5734375 0.42890625 0.5765625 0.41640625 0.5875 0.40859375 0.5859375 0.38828125 0.57734375 0.3859375