2 0.36953125 0.2015625 0.35625 0.23046875 0.3609375 0.25234375 0.38515625 0.2546875 0.39296875 0.2484375 0.40625 0.25546875 0.409375 0.24765625 0.4 0.21015625 0.38984375 0.1984375 0.36953125 0.2015625
2 0.121875 0.83203125 0.1015625 0.82578125 0.09921875 0.79375 0.096875 0.86015625 0.0171875 0.96796875 0.0046875 0.97734375 0 0.99921875 0.0078125 0.99921875 0.0421875 0.95703125 0.1125 0.84765625 0.109375 0.83984375 0.121875 0.83203125
2 0.559375 0.56796875 0.55625 0.54765625 0.55234375 0.540625 0.53359375 0.534375 0.50625 0.55078125 0.50625 0.56171875 0.5171875 0.57734375 0.5109375 0.60859375 0.52578125 0.625 0.534375 0.62265625 0.53828125 0.6109375 0.54609375 0.6109375 0.553125 0.65078125 0.5734375 0.65703125 0.5734375 0.62421875 0.5828125 0.61171875 0.553125 0.59609375 0.559375 0.56796875
2 0.5015625 0.48515625 0.490625 0.46015625 0.5 0.40234375 0.49140625 0.390625 0.47890625 0.3875 0.43671875 0.409375 0.40859375 0.365625 0.37734375 0.3734375 0.37734375 0.3828125 0.39765625 0.3875 0.4 0.39296875 0.40078125 0.453125 0.41953125 0.4265625 0.44453125 0.43125 0.459375 0.44765625 0.45625 0.47109375 0.4390625 0.49453125 0.45625 0.49609375 0.4578125 0.53203125 0.4671875 0.53515625 0.475 0.52265625 0.4765625 0.49453125 0.49609375 0.4921875 0.5015625 0.48515625
2 0.4109375 0.96328125 0.39375 0.92265625 0.39375 0.90390625 0.4015625 0.89609375 0.39765625 0.8859375 0.3765625 0.89921875 0.3796875 0.90546875 0.37421875 0.9109375 0.36171875 0.909375 0.34609375 0.9375 0.30625 0.94296875 0.3078125 0.95546875 0.3265625 0.97265625 0.29921875 1 0.4359375 0.99921875 0.44375 0.95703125 0.43515625 0.95 0.42109375 0.965625 0.4109375 0.96328125
2 0.5296875 0.29140625 0.528125 0.27265625 0.51484375 0.2578125 0.4765625 0.25546875 0.471875 0.19921875 0.46015625 0.178125 0.453125 0.18828125 0.4515625 0.23671875 0.44375 0.24921875 0.4390625 0.28203125 0.421875 0.29453125 0.409375 0.32109375 0.41171875 0.3453125 0.43828125 0.340625 0.45078125 0.3578125 0.4578125 0.35859375 0.47109375 0.3203125 0.49765625 0.33125 0.521875 0.30859375 0.5296875 0.29140625
2 0.28203125 0 0.284375 0.03359375 0.30625 0.04765625 0.30625 0.05859375 0.321875 0.08828125 0.31015625 0.1015625 0.29765625 0.0875 0.2828125 0.08359375 0.2890625 0.10234375 0.278125 0.11953125 0.278125 0.13359375 0.30546875 0.1515625 0.315625 0.15078125 0.3203125 0.19921875 0.3265625 0.21015625 0.33515625 0.1875 0.3515625 0.18828125 0.35 0.16640625 0.3390625 0.14765625 0.340625 0.12890625 0.34765625 0.1328125 0.35703125 0.125 0.36953125 0.1359375 0.3828125 0.10703125 0.375 0.07421875 0.3859375 0.05234375 0.3875 0.02421875 0.35859375 0.05625 0.346875 0.03359375 0.35703125 0 0.28203125 0
2 0.2046875 0.55703125 0.22109375 0.5296875 0.23671875 0.5390625 0.25546875 0.5359375 0.275 0.50078125 0.2765625 0.46015625 0.2578125 0.45234375 0.2515625 0.42734375 0.24296875 0.4171875 0.21953125 0.415625 0.20859375 0.396875 0.1984375 0.40078125 0.18984375 0.421875 0.16328125 0.3921875 0.15703125 0.39375 0.1453125 0.40859375 0.140625 0.43515625 0.1 0.45546875 0.10546875 0.4671875 0.128125 0.47734375 0.13828125 0.5140625 0.1484375 0.50859375 0.15390625 0.4859375 0.1609375 0.49765625 0.1640625 0.51796875 0.15390625 0.51875 0.153125 0.52421875 0.1640625 0.54921875 0.15 0.57578125 0.1515625 0.58515625 0.1609375 0.58671875 0.17734375 0.5703125 0.18984375 0.578125 0.190625 0.56484375 0.2046875 0.55703125
2 0.690625 0.90234375 0.7078125 0.86328125 0.70625 0.84765625 0.70234375 0.84375 0.68203125 0.8546875 0.665625 0.84453125 0.66875 0.82890625 0.6578125 0.77421875 0.64765625 0.76875 0.62890625 0.771875 0.61875 0.75390625 0.62890625 0.7515625 0.6375 0.73671875 0.6453125 0.69453125 0.63984375 0.6875 0.62734375 0.6953125 0.61953125 0.6890625 0.59921875 0.6953125 0.58203125 0.6875 0.5703125 0.70078125 0.5625 0.74765625 0.57109375 0.7484375 0.59375 0.77578125 0.6 0.79765625 0.5984375 0.84140625 0.621875 0.86328125 0.6234375 0.88984375 0.609375 0.93359375 0.6078125 0.96171875 0.62734375 0.965625 0.63984375 0.9375 0.659375 0.97265625 0.65546875 1 0.73125 0.99921875 0.7265625 0.98203125 0.70625 0.96328125 0.70625 0.92734375 0.690625 0.90234375
2 0.35703125 0.86875 0.36875 0.86484375 0.3625 0.82890625 0.371875 0.78203125 0.3640625 0.77421875 0.3640625 0.75078125 0.340625 0.72734375 0.3328125 0.69609375 0.31484375 0.69375 0.29453125 0.6671875 0.2796875 0.66328125 0.28203125 0.65625 0.29296875 0.6578125 0.296875 0.65234375 0.2921875 0.62890625 0.3171875 0.62109375 0.3140625 0.59609375 0.29765625 0.5875 0.28203125 0.590625 0.27265625 0.578125 0.24140625 0.5875 0.22265625 0.575 0.2140625 0.58046875 0.209375 0.61015625 0.19765625 0.6234375 0.1640625 0.61953125 0.1828125 0.64765625 0.1703125 0.73046875 0.17734375 0.7359375 0.19140625 0.73125 0.22109375 0.696875 0.228125 0.72734375 0.2421875 0.75390625 0.26875 0.75234375 0.2640625 0.80078125 0.2828125 0.83046875 0.28125 0.85390625 0.2984375 0.87109375 0.284375 0.91796875 0.3125 0.92421875 0.309375 0.87578125 0.32265625 0.875 0.33046875 0.8640625 0.35703125 0.86875
2 0.1390625 0.35234375 0.1234375 0.33046875 0.128125 0.31328125 0.1453125 0.29140625 0.1421875 0.25546875 0.13671875 0.2484375 0.12578125 0.2546875 0.11875 0.24609375 0.11875 0.23203125 0.1265625 0.22109375 0.1203125 0.21640625 0.140625 0.19296875 0.14375 0.17734375 0.13203125 0.1640625 0.109375 0.17734375 0.1109375 0.15703125 0.103125 0.13203125 0.1078125 0.10703125 0.096875 0.08203125 0.1015625 0.04453125 0.0875 0.01484375 0.09375 0.00078125 0.00078125 0 0.0046875 0.10390625 0 0.13515625 0.021875 0.14140625 0.0234375 0.16953125 0.03125 0.18515625 0.03984375 0.1890625 0.04765625 0.1796875 0.0546875 0.19921875 0.0671875 0.20390625 0.06015625 0.2015625 0.0359375 0.21640625 0.040625 0.26015625 0.0265625 0.28671875 0.046875 0.29765625 0.053125 0.31796875 0.06484375 0.3265625 0.08125 0.28359375 0.0828125 0.31328125 0.0984375 0.32578125 0.09140625 0.334375 0.07109375 0.3328125 0.065625 0.34296875 0.06875 0.35390625 0.090625 0.36953125 0.090625 0.40390625 0.10625 0.41171875 0.1125 0.40546875 0.1125 0.37109375 0.1390625 0.36328125 0.1390625 0.35234375
2 1 0.72890625 0.9953125 0.72421875 1 0.71328125 0.99296875 0.7046875 0.98515625 0.709375 0.9875 0.69921875 0.978125 0.69453125 0.9859375 0.68515625 0.9796875 0.67421875 1 0.66953125 0.9953125 0.66328125 1 0.65234375 0.97890625 0.634375 0.940625 0.62421875 0.940625 0.58046875 0.946875 0.57578125 0.9484375 0.56015625 0.9421875 0.51953125 0.959375 0.49140625 0.93984375 0.490625 0.93125 0.47265625 0.93125 0.40703125 0.92734375 0.4140625 0.925 0.39921875 0.92578125 0.375 0.93125 0.38671875 0.93125 0.36484375 0.92578125 0.36875 0.925 0.35859375 0.93125 0.35859375 0.93125 0.34921875 0.92578125 0.353125 0.9234375 0.34609375 0.9328125 0.34296875 0.934375 0.33359375 0.9 0.30390625 0.903125 0.28359375 0.89453125 0.25625 0.88125 0.27890625 0.86953125 0.28125 0.86796875 0.2890625 0.8546875 0.27109375 0.853125 0.24921875 0.846875 0.24921875 0.8421875 0.23359375 0.83671875 0.1765625 0.81328125 0.2390625 0.80546875 0.240625 0.7953125 0.23203125 0.79609375 0.21875 0.7828125 0.21640625 0.7921875 0.21171875 0.775 0.18984375 0.7734375 0.16640625 0.7671875 0.16171875 0.7703125 0.13828125 0.7859375 0.12578125 0.78046875 0.1140625 0.7640625 0.10703125 0.76875 0.10234375 0.7625 0.08359375 0.7671875 0.07109375 0.7609375 0.06796875 0.7609375 0.00234375 0.66328125 0 0.65 0.03203125 0.65625 0.06640625 0.67890625 0.0703125 0.690625 0.09140625 0.6953125 0.13046875 0.6875 0.14453125 0.6875 0.17734375 0.69921875 0.18125 0.7109375 0.17265625 0.703125 0.16953125 0.71015625 0.165625 0.7265625 0.17578125 0.7375 0.21015625 0.7484375 0.21640625 0.75 0.30703125 0.76015625 0.309375 0.77265625 0.325 0.778125 0.31640625 0.78125 0.32578125 0.7703125 0.32890625 0.77734375 0.3390625 0.78828125 0.3296875 0.790625 0.33359375 0.7890625 0.37578125 0.7796875 0.40390625 0.7515625 0.44609375 0.753125 0.47109375 0.75859375 0.475 0.77578125 0.4640625 0.78671875 0.48125 0.80078125 0.4796875 0.825 0.50390625 0.8296875 0.53046875 0.815625 0.55078125 0.8296875 0.55859375 0.834375 0.58515625 0.853125 0.60390625 0.8640625 0.62421875 0.865625 0.64453125 0.875 0.64765625 0.878125 0.66015625 0.88125 0.71015625 0.875 0.72109375 0.8796875 0.74140625 0.8734375 0.76171875 0.9 0.78671875 0.9109375 0.83203125 0.9234375 0.84296875 0.915625 0.84765625 0.9234375 0.85234375 0.9171875 0.87890625 0.93828125 0.8828125 0.946875 0.89296875 0.9546875 0.94140625 0.9453125 0.97734375 0.953125 0.98984375 0.9484375 0.99765625 1 0.99921875 1 0.72890625
2 0.37734375 0.3015625 0.384375 0.32890625 0.39375 0.33515625 0.4015625 0.29453125 0.38359375 0.2765625 0.3609375 0.31484375 0.37734375 0.3015625
2 0.79375 0.19921875 0.8125 0.17890625 0.81171875 0.1375 0.7875 0.15234375 0.79375 0.19921875
2 0.07109375 0.9140625 0.0546875 0.93046875 0.00625 0.99921875 0.0703125 0.99921875 0.0921875 0.93984375 0.0921875 0.91796875 0.08671875 0.9140625 0.07109375 0.9140625
2 0.0609375 0.82265625 0.078125 0.79765625 0.0765625 0.77421875 0.0859375 0.75078125 0.08203125 0.74375 0.05390625 0.765625 0.03125 0.74609375 0.0296875 0.82890625 0.0234375 0.84609375 0.0265625 0.87109375 0.015625 0.90859375 0.0140625 0.94296875 0.0015625 0.96484375 0.0015625 0.99140625 0.01875 0.97421875 0.0703125 0.89453125 0.0625 0.87578125 0.0609375 0.82265625