0 0.4828125 0.64453125 0.4921875 0.61171875 0.4828125 0.59609375 0.4828125 0.58046875 0.4953125 0.56171875 0.4953125 0.54765625 0.4859375 0.53828125 0.48125 0.49140625 0.5125 0.46640625 0.5140625 0.44453125 0.5296875 0.41171875 0.5296875 0.38359375 0.540625 0.37421875 0.534375 0.35078125 0.5359375 0.28828125 0.53046875 0.275 0.509375 0.27578125 0.5078125 0.25703125 0.4953125 0.24453125 0.49375 0.20546875 0.50859375 0.2015625 0.5171875 0.19140625 0.515625 0.17421875 0.496875 0.15703125 0.496875 0.14140625 0.478125 0.14609375 0.46015625 0.1 0.44765625 0.11875 0.42734375 0.0921875 0.41640625 0.1171875 0.40625 0.10546875 0.40546875 0.075 0.38671875 0.0875 0.38125 0.08359375 0.37578125 0.015625 0.359375 0.03515625 0.35078125 0.0609375 0.32890625 0.040625 0.31875 0.03984375 0.32734375 0.0875 0.26484375 0.1015625 0.25234375 0.128125 0.23359375 0.115625 0.221875 0.12265625 0.2265625 0.13984375 0.2453125 0.15859375 0.2359375 0.18515625 0.2375 0.20546875 0.259375 0.22734375 0.2734375 0.27109375 0.2703125 0.28203125 0.25625 0.29296875 0.2609375 0.32265625 0.25703125 0.328125 0.23125 0.29140625 0.2234375 0.28984375 0.2296875 0.32109375 0.2546875 0.35234375 0.253125 0.36796875 0.2390625 0.38828125 0.2390625 0.41328125 0.2484375 0.41015625 0.25234375 0.3953125 0.26640625 0.415625 0.271875 0.41171875 0.265625 0.37109375 0.27578125 0.3640625 0.29375 0.40859375 0.28359375 0.4171875 0.27578125 0.415625 0.275 0.42109375 0.3015625 0.45078125 0.29375 0.48203125 0.3 0.51640625 0.31484375 0.5203125 0.33203125 0.4953125 0.34296875 0.509375 0.3578125 0.51484375 0.359375 0.53828125 0.38125 0.56328125 0.375 0.62109375 0.3953125 0.61796875 0.3921875 0.64296875 0.39921875 0.65 0.409375 0.64921875 0.40859375 0.6734375 0.44609375 0.671875 0.4546875 0.68359375 0.453125 0.70390625 0.46328125 0.7015625 0.47890625 0.725 0.4921875 0.72734375 0.496875 0.70703125 0.4828125 0.68203125 0.4921875 0.66171875 0.4828125 0.64453125
2 0.76875 0.45859375 0.775 0.43203125 0.7640625 0.42265625 0.7734375 0.40546875 0.7734375 0.36015625 0.74921875 0.3546875 0.740625 0.34453125 0.7453125 0.31796875 0.75859375 0.3140625 0.7640625 0.30390625 0.75 0.29453125 0.73515625 0.271875 0.71640625 0.2734375 0.6859375 0.25703125 0.6984375 0.23984375 0.696875 0.20859375 0.67109375 0.1828125 0.66015625 0.1875 0.65078125 0.1828125 0.64375 0.23515625 0.66328125 0.253125 0.67109375 0.246875 0.68359375 0.2625 0.6890625 0.26171875 0.6703125 0.30234375 0.6765625 0.31015625 0.675 0.32109375 0.6890625 0.33046875 0.6875 0.36640625 0.696875 0.37734375 0.6984375 0.40703125 0.7109375 0.42734375 0.7171875 0.45859375 0.7125 0.50546875 0.728125 0.52890625 0.7296875 0.55390625 0.7359375 0.55546875 0.759375 0.53203125 0.7640625 0.48203125 0.775 0.47265625 0.76875 0.45859375
2 0.82890625 0.6328125 0.81328125 0.596875 0.80078125 0.5890625 0.78359375 0.59375 0.771875 0.62890625 0.79140625 0.65625 0.8109375 0.66484375 0.8234375 0.70390625 0.8375 0.70703125 0.8421875 0.73046875 0.8484375 0.73515625 0.865625 0.69609375 0.846875 0.66015625 0.859375 0.63203125 0.82890625 0.6328125
2 0.9453125 0.94765625 0.915625 0.89765625 0.9140625 0.87890625 0.9296875 0.86640625 0.9296875 0.84765625 0.90625 0.81640625 0.903125 0.80078125 0.884375 0.78828125 0.8859375 0.77578125 0.87265625 0.7609375 0.846875 0.78984375 0.8609375 0.83359375 0.85234375 0.8484375 0.83984375 0.8484375 0.8359375 0.85390625 0.8390625 0.89453125 0.8515625 0.90234375 0.85390625 0.9171875 0.88203125 0.9171875 0.90625 0.95390625 0.903125 0.98515625 0.89453125 1 0.9578125 0.99921875 0.9703125 0.99296875 0.95859375 0.9765625 0.9484375 0.97578125 0.9453125 0.94765625
2 0.6171875 0.91328125 0.584375 0.89140625 0.5640625 0.84140625 0.5578125 0.77734375 0.55078125 0.775 0.53515625 0.7921875 0.51796875 0.7703125 0.51015625 0.7703125 0.5078125 0.78359375 0.5203125 0.81328125 0.5109375 0.84296875 0.52421875 0.8484375 0.53203125 0.8421875 0.540625 0.85078125 0.5140625 0.88515625 0.5140625 0.90703125 0.52421875 0.9171875 0.53515625 0.9171875 0.56171875 0.890625 0.5703125 0.90078125 0.5703125 0.91640625 0.5640625 0.92109375 0.5640625 0.93984375 0.55625 0.95390625 0.5578125 0.99453125 0.56640625 1 0.6171875 0.99921875 0.6171875 0.99140625 0.628125 0.98046875 0.6109375 0.93046875 0.6171875 0.91328125
2 0.04453125 0.6578125 0.0140625 0.67578125 0.0296875 0.68984375 0.0296875 0.71953125 0.040625 0.72109375 0.05078125 0.70625 0.06015625 0.7109375 0.0640625 0.70703125 0.04453125 0.6578125
2 0.115625 0.60859375 0.1078125 0.57734375 0.1109375 0.55703125 0.07890625 0.5296875 0.05234375 0.5203125 0.046875 0.53359375 0.0625 0.55390625 0.06015625 0.559375 0.04921875 0.55 0.02421875 0.546875 0.009375 0.56171875 0.015625 0.58046875 0.0328125 0.60078125 0.021875 0.62734375 0.04765625 0.6265625 0.05234375 0.6375 0.06171875 0.6296875 0.08203125 0.6390625 0.08125 0.66015625 0.0890625 0.66171875 0.10546875 0.64375 0.13671875 0.6578125 0.140625 0.64296875 0.115625 0.60859375
2 0.2546875 0.96484375 0.2875 0.93046875 0.29375 0.90703125 0.28203125 0.8953125 0.265625 0.89453125 0.271875 0.89296875 0.2703125 0.87578125 0.2765625 0.86015625 0.26796875 0.85625 0.25546875 0.8640625 0.246875 0.84609375 0.23828125 0.8421875 0.225 0.86484375 0.221875 0.91484375 0.19921875 0.9390625 0.18515625 0.9421875 0.175 0.95234375 0.16875 0.99140625 0.19609375 0.9796875 0.20390625 1 0.2796875 0.99921875 0.2796875 0.97265625 0.26328125 0.9640625 0.25546875 0.9703125 0.2546875 0.96484375
2 0.984375 0.28984375 0.98671875 0.2953125 0.9953125 0.29453125 1 0.29140625 0.99921875 0.228125 0.990625 0.24296875 0.984375 0.28984375
2 0.9609375 0.05703125 0.97109375 0.065625 0.98203125 0.065625 0.990625 0.08046875 0.9953125 0.11015625 0.990625 0.13828125 0.9984375 0.15234375 1 0.00078125 0.95078125 0 0.9484375 0.03671875 0.9609375 0.05703125
2 0.040625 0.41796875 0.00078125 0.3671875 0 0.43515625 0.0171875 0.44453125 0.01953125 0.4296875 0.02734375 0.4390625 0.034375 0.43828125 0.040625 0.41796875
2 0.20078125 0.775 0.1609375 0.81171875 0.16640625 0.821875 0.184375 0.82578125 0.184375 0.85546875 0.1984375 0.86328125 0.209375 0.85234375 0.2 0.81953125 0.2078125 0.80078125 0.20078125 0.775