1 0.602608665625 0.2845445546875 0.55858209375 0.2777045984375 0.5654264234374999 0.2650647109375 0.5338212421875 0.208720534375 0.5099125203125 0.20819724218750002 0.5122285578125 0.2002975875 0.4979018953125 0.1820784515625 0.44639517656249994 0.1600728171875 0.41575028124999996 0.1925170140625 0.46725700000000003 0.21452265 0.436188225 0.22842980468750002 0.4045896 0.219165653125 0.3962704375 0.22969925624999998 0.39911632343750003 0.2449709046875 0.384478309375 0.259929015625 0.42249956875 0.25370957656250004 0.4404051640625 0.25686681718750004 0.4477793421875 0.267398234375 0.47684780312499997 0.2596001765625 0.4932807484375 0.27634447500000003 0.49265148593749997 0.2956189359375 0.5069759625 0.298144728125 0.528882184375 0.28908377343749997 0.5416302281250001 0.31625570625 0.55100471875 0.320678028125 0.5598515468749999 0.3176223859375 0.56195564375 0.300454209375 0.5805986578125 0.304664590625 0.5650091015625 0.29360769375 0.56374401875 0.2850765890625 0.602608665625 0.2845445546875
1 0.0924270203125 0.35613090937499997 0.041664276562500005 0.3822584421875 0.035870903125 0.3784675671875 0.041874029687499995 0.3758336203125 0.0354470234375 0.359930525 0.051140365624999996 0.3599283390625 0.070728365625 0.34307370000000004 0.0195417421875 0.3506641890625 0.0192252890625 0.34722363437500003 0.00538605625 0.425709828125 0.06178868125 0.43565513281249996 0.07927039687500001 0.4202753296875 0.107917165625 0.4096335703125 0.0930650234375 0.399629815625 0.107387315625 0.38646226562499997 0.0830569 0.383095271875 0.10812036249999998 0.3561287234375 0.0924270203125 0.35613090937499997
1 1 0.512161771875 0.9394698421875001 0.5257959453125001 0.89291529375 0.517587121875 0.8567927515625 0.5444498859375 0.903031575 0.55444926875 0.953699278125 0.6021541859374999 0.9607555453125001 0.5987828203125 0.9489568609375001 0.5819325531249999 0.952747734375 0.5761391796875001 0.9912745562499999 0.5932287828125 1 0.5437443328125 1 0.5393993515625 0.986446084375 0.5368484687499999 1 0.524768196875 1 0.512161771875
1 0.6375054687499999 0.53163084375 0.60559549375 0.5555439375 0.5994863953125 0.553543625 0.58832353125 0.5644989218750001 0.5939071484375 0.5747146140625 0.5772666359375 0.5800884796875 0.5990734437499999 0.6134732921875 0.6166633171875 0.618421090625 0.623613615625 0.6104154640624999 0.6521587828125 0.6265261296875 0.6799643484375 0.6258903109375 0.71893715 0.645685878125 0.7785467234375 0.6165027046875 0.7979205968749999 0.5746862015625 0.798874325 0.61639455 0.813190059375 0.556146971875 0.775166615625 0.54667306875 0.76010690625 0.558787478125 0.7148152546875 0.543416415625 0.687537353125 0.5515301984375001 0.660678959375 0.5467943375 0.6375054687499999 0.53163084375
1 0.8374210625 0.60195973125 0.86259049375 0.57962744375 0.8602722703125 0.5718337578125 0.8690131296875 0.5641438562500001 0.8349903109374999 0.542451759375 0.8206658359375 0.5399259671875 0.8140312609375 0.5461410328125 0.8078227531250001 0.5865864843749999 0.8158283781250001 0.5935367828125 0.805612684375 0.5991204015625 0.8092997734375 0.6043861109375 0.8374210625 0.60195973125
1 0.919549815625 1 0.92755840625 0.9545810234375001 0.9052984703125 0.9499422484375 0.8594835265625 0.9584799078125 0.8455829296875 0.9744911593750001 0.8785482328124999 0.9655339921874999 0.8872912765625 0.9735374312499999 0.8650325140625 1 0.919549815625 1
1 0.715258803125 0.7031935390624999 0.700834915625 0.7431135125 0.7156848703125 0.7374239234375 0.7515004328125 0.7751250859375001 0.7676154671875 0.7779666015625 0.7439121281250001 0.73963180625 0.7546533 0.7258328078125 0.7738217921875 0.721827809375 0.777930575 0.7299372203125001 0.7846711187500001 0.7283564140625 0.7788755609375 0.708872196875 0.789614546875 0.6793798578125 0.7627539671875 0.65895065625 0.7241012609374999 0.6687512124999999 0.70777865625 0.688027859375 0.715258803125 0.7031935390624999
1 0.7250222046875 0.47505942812499996 0.7387130484375 0.4654729984375 0.7701925875 0.375942834375 0.74828855 0.40069712968750004 0.720597696875 0.468740578125 0.7250222046875 0.47505942812499996
1 0.7802793968749999 0.95743769375 0.8051352906250001 0.952589309375 0.829041828125 0.9374192593749999 0.8157704921875 0.93415605 0.7802793968749999 0.95743769375
1 0.93673121875 0.9025594218749999 0.93120095 0.8972764171875 0.9132953531249999 0.8941191765625 0.8931796890625 0.9034958546875 0.844518859375 0.8967618671875 0.8336717171875 0.9059266046875001 0.843995565625 0.9206705890625001 0.9309305078125 0.9354568859375 0.93673121875 0.9025594218749999
2 0.595062090625 1 0.5880668203125 0.9900097171875 0.583116834375 0.9919062484375001 0.58322061875 0.9808471671874999 0.5921734171875 0.9824257875000001 0.6130243125 0.9584089078125 0.6152343796874999 0.9458749921875 0.6029102171875 0.9372401046875 0.6034356953125 0.9290247234375 0.6211293515625 0.9229134421875 0.622917725 0.9075358234375 0.6113309796874999 0.899954078125 0.5167470484375001 0.8814301484374999 0.41942538437500004 0.8679621734375 0.40183551250000005 0.863014375 0.3955144765625 0.8517455390625001 0.41394555000000005 0.8466873984375001 0.6622018796875 0.8941541484375 0.6759986921875 0.8892019781249999 0.6989602421875001 0.8950969484375 0.7056986015625 0.8778228 0.7350871578125 0.8996208687499999 0.7977567421875 0.9106712078125 0.8121850015625001 0.9021379171874999 0.8604263265625001 0.921721546875 0.931324265625 0.9332237781250001 0.9823451078125001 0.643870196875 0.9677124015624999 0.6378572218749999 0.94433134375 0.6448118921875 0.9319055828125 0.6629294265625 0.9104188671875001 0.6591407390625 0.9070475015625 0.6520844703125 0.9184223078124999 0.6503976953125 0.9241075234375 0.633860965625 0.9473847984375 0.637965378125 0.9571787984375 0.6295380578125 0.9502263140625 0.621850340625 0.842792740625 0.602906903125 0.8357364734375 0.60627826875 0.83805688125 0.6297652968749999 0.865862446875 0.6291294781250001 0.87049889375 0.64471685 0.8771334671875 0.6385017828125 0.886404175 0.6539831859375 0.863232871875 0.6545130359375 0.8598636921875 0.663150109375 0.8495398421875 0.6484061249999999 0.8319499703125001 0.6434583265625 0.8247899171874999 0.657888771875 0.8293203953124999 0.6688418828125 0.7895085765625 0.674745596875 0.767809921875 0.6616883875 0.7396886328125001 0.6641147671875001 0.702406978125 0.6870806875000001 0.66522910625 0.698987528125 0.6283669609375 0.709103809375 0.5856054703125 0.71079495625 0.54643165625 0.7601975765625 0.5309502546875 0.769468284375 0.48281708593749995 0.770212259375 0.4584844859375 0.7511519234375 0.44205372499999995 0.7501009671875 0.40961608437499997 0.7665360984375 0.4012947359375 0.761376359375 0.39245009375 0.7801253421875 0.366223146875 0.7718083640625 0.323256275 0.8113110140625001 0.360862396875 0.849327903125 0.30493335625 0.8366967578125 0.2896617078125 0.8395426453124999 0.281554484375 0.8593447703124999 0.2850318203125 0.8710353 0.2695504171875 0.8803060078125 0.2630196265625 0.8754619921875 0.242060575 0.8791512671874999 0.23247414531250002 0.8654604234375001 0.2343684875 0.8547170671875 0.21983207187499998 0.842922753125 0.2221459234375 0.8193297562499999 0.1954972859375 0.808169075 0.09048571875 0.7859602437500001 0.0602581453125 0.7898614562499999 0.03708465625 0.7746979640625 0 0.7681589390625 0 0.919549815625 0.4158617515625 0.9928774625000001 0.5058092359375 0.99581401875 0.5160249296874999 0.9902304015625001 0.528980540625 0.9952841703124999 0.530445325 1 0.595062090625 1
2 0.080450184375 0 0.061599037499999995 0.10691016406250001 0.07901693125 0.11283330625000002 0.067432371875 0.1209449015625 0.0599076375 0.11650257500000001 0.0462515375 0.193950165625 0.098728384375 0.226159665625 0.11410600312500001 0.2279480390625 0.1238978171875 0.203827378125 0.11072808125 0.17381174375 0.1137815359375 0.1669652296875 0.167392353125 0.1718026875 0.184348590625 0.16463826406249998 0.18203036718750001 0.1568445765625 0.19403662187499998 0.151576684375 0.1414767609375 0.1303084671875 0.1356855734375 0.14221093437500001 0.12473027656249999 0.13104806875 0.117779978125 0.1390536953125 0.1088271796875 0.137475075 0.104718396875 0.12936566562500001 0.1363148359375 0.1229364734375 0.1176095515625 0.109435375 0.14589689687500002 0.1052406328125 0.1477956109375 0.12588395937500002 0.161908146875 0.1191412296875 0.1800256828125 0.131566990625 0.2003532859375 0.131458834375 0.25523355625 0.17621408125 0.28356678281250003 0.1830562234375 0.312003796875 0.17883928437500002 0.3263260875 0.165671734375 0.3312738875 0.14808186406249998 0.35307413906249996 0.13438664843749998 0.3850922734375 0.13080115781249999 0.40531172031249996 0.1103654015625 0.4301719859375 0.1369036984375 0.4617706078125 0.1461678484375 0.47704225625 0.1433219625 0.49389033906249996 0.11582993593749999 0.5133745546874999 0.1100343765625 0.521272025 0.096657071875 0.5163198546875 0.082860259375 0.5222170125 0.0755920515625 0.52664151875 0.081910903125 0.5321169796875 0.07179899375 0.5433880015625 0.0811712984375 0.549391128125 0.07853734999999999 0.5497090390625 0.09244013437500001 0.5638237609375001 0.1013907453125 0.6653536203125 0.08052236562500001 0.6989547421875 0.0993707609375 0.7099078546875 0.094840284375 0.7189622499999999 0.06966648125 0.7844733515625 0.0646017828125 0.8136499671875 0.0771313296875 0.8402964203125001 0.0725986671875 0.8661038578125 0.0937652859375 0.8854842890624999 0.099028809375 0.8986474687499999 0.081964415625 0.8932852421874999 0.061633493750000004 0.5437443328125 0 0.080450184375 0
2 1 0.24419210625 0.9136230640624999 0.2221491671875 0.879498646875 0.22720949375 0.827256696875 0.2198440578125 0.8046130578125 0.2278518703125 0.8009303390625 0.2539728453125 0.6696962 0.25483371875 0.6258859390625 0.2886489671875 0.6170434828125 0.3230912921875 0.54468586875 0.325102534375 0.5088746765625001 0.31878805468750004 0.49265585781250004 0.32700562031249997 0.47833138125 0.324479828125 0.4574783 0.332803365625 0.4614832984375 0.35197185468750003 0.429467353125 0.3712506890625 0.39692155625000003 0.36735821562500004 0.3517336875 0.340928075 0.302125684375 0.339565765625 0.301807775 0.32566298437499996 0.2904307828125 0.311656415625 0.2555667640625 0.2999702578125 0.24092875 0.31492836875 0.252411709375 0.333569196875 0.251676478125 0.348209396875 0.2321922625 0.35400495468750004 0.2251381796875 0.3730696625 0.12034511249999999 0.40720937656249995 0.0899056 0.40184207031249997 0.0879031 0.3922578234375 0.06936605625 0.392681703125 0.0804229515625 0.3770921453125 0.0767358625 0.3718264359375 0.0349259171875 0.3995325890625 0.025761179687500003 0.3886854484375 0.0110171953125 0.399009296875 0.0105955015625 0.396165596875 0 0.456255671875 0 0.5944711375 0.011359146875 0.58553884375 0.0241050046875 0.5970174328125 0.0542287921875 0.6041752984375 0.0684473 0.6020668296875 0.07234195624999999 0.5852143765625 0.10246574374999999 0.5923722421875001 0.1505989125 0.5916282671875 0.17492714375 0.5793019203124999 0.20420754375 0.580772384375 0.2183200796875 0.574029653125 0.3085876609375 0.6065623359375001 0.3140674953125 0.6278371109374999 0.332816478125 0.636681753125 0.38189681875 0.6305661 0.3892688109375 0.625404175 0.3836851921875 0.6151884812499999 0.39200435625 0.6046548765625 0.46878210625000005 0.5775758015625 0.5392453765624999 0.58630791875 0.5425085859375 0.5730365828124999 0.528075953125 0.5501831875 0.5368146265625 0.52679994375 0.5579856171875 0.532379190625 0.56430446875 0.527954684375 0.6024338828125 0.54206285 0.6216023734375 0.5380578500000001 0.64013723125 0.5219406281250001 0.631076278125 0.50003440625 0.63391779375 0.4839193703125 0.62043451875 0.4713876390625 0.6899506171875001 0.485491434375 0.700168496875 0.49560115624999995 0.6938496453125 0.5000256640625 0.6985898765624999 0.5045539546875 0.6817396078125 0.5163526390625 0.68837636875 0.5258309156250001 0.7014357625 0.5198256031249999 0.70659113125 0.48011756875 0.701325421875 0.4838046578125 0.6907918203125 0.4754854953125 0.6936333359375 0.4593704578125 0.6847843218749999 0.44673275625000003 0.6993185515625 0.442833728125 0.7204895437500001 0.448412975 0.7335489374999999 0.4424076640625 0.7372294687500001 0.4005933453125 0.7186880546875 0.369630540625 0.7302726140625 0.3615189453125 0.7613435749999999 0.3633051328125 0.779461109375 0.3757308953125 0.7923129359375001 0.3918437453125 0.7820972421875 0.3974273625 0.7771494437500001 0.41501723593750006 0.790105053125 0.420071003125 0.806639596875 0.4100628796875 0.8156983656250001 0.41627575937500005 0.8069575078125 0.42396566093750004 0.8133823281250001 0.424175415625 0.8208624765625 0.43934109374999997 0.8188621625 0.445450190625 0.75914225 0.43861241875 0.7507193015625 0.460205103125 0.714700540625 0.4760087859375 0.7131219203125 0.484961584375 0.721127546875 0.4919118828125 0.7078583984375 0.504342015625 0.7157580546875 0.506658053125 0.717760553125 0.5162422984374999 0.73724476875 0.5104467406250001 0.7469371703125 0.52877184375 0.8037074125 0.5313970484375 0.81529415625 0.5389787953125 0.8583713703125 0.5354970890625 0.8909127953124999 0.5080028765625 0.9279846968750001 0.491461775 0.92355581875 0.45375624062500003 0.9410397187499999 0.45406977968750006 0.949573009375 0.46849803906250004 0.9606277203125 0.4372151390625 0.971477046875 0.44374374375 0.9582078984375 0.456173875 0.9646349046875 0.472076971875 0.9457821359375 0.47429141093749994 0.9581063000000001 0.48292630000000003 1 0.4856059359375 1 0.24419210625
2 0.1854847875 0.760247846875 0.158310671875 0.7573025484375 0.1474635296875 0.7664672859375 0.15926221406250002 0.7833175531250001 0.21371641874999997 0.7938424140625 0.20033692812499998 0.7702516015625 0.1854847875 0.760247846875
2 0.20328659999999998 0.7744641671875 0.21592867187499998 0.7970018375000001 0.2409965046875 0.8014219734375001 0.279015578125 0.7795091953125 0.2909136765625 0.753913696875 0.284592640625 0.7426448609375 0.2528902328125 0.7444397921875 0.2111840703125 0.7610868625 0.20328659999999998 0.7744641671875
0 0.0638305234375 0.7277195359374999 0.0664644703125 0.7337226625 0.09901026562500001 0.7376151359375 0.10701370624999999 0.7288720921875 0.096901796875 0.7233966281249999 0.1031146765625 0.7143378609375 0.08447384999999999 0.725820821875 0.070465096875 0.7215044703125 0.0638305234375 0.7277195359374999
0 0.052027467187499996 0.679482584375 0.0700412171875 0.7029674265625 0.082575134375 0.7051774953125001 0.1077445671875 0.6828452078125 0.098473859375 0.6673638046875 0.0781462578125 0.6674719609374999 0.068350071875 0.6602059375 0.053815840625 0.6641049671875 0.052027467187499996 0.679482584375