1 0.15625 0.15390625 0.1578125 0.10859375 0.1703125 0.10390625 0.1625 0.08359375 0.184375 0.07109375 0.175 0.06484375 0.178125 0.05078125 0.1609375 0.03515625 0.171875 0.00078125 0.01171875 0 0.05078125 0.021875 0.0765625 0.04765625 0.075 0.08203125 0.0328125 0.09609375 0.059375 0.10078125 0.0609375 0.11640625 0.053125 0.13671875 0.07421875 0.1375 0.0859375 0.14453125 0.084375 0.19609375 0.10703125 0.2 0.1125 0.20703125 0.12890625 0.1640625 0.14375 0.19453125 0.1453125 0.16484375 0.15625 0.15390625
2 0.64296875 0 0.625 0.01640625 0.6296875 0.03046875 0.6171875 0.06484375 0.62421875 0.0703125 0.63359375 0.0640625 0.640625 0.07109375 0.64921875 0.046875 0.65546875 0.04375 0.66640625 0.053125 0.675 0.04765625 0.67890625 0 0.64296875 0
2 0.43203125 0.53125 0.41953125 0.53125 0.39765625 0.49375 0.3765625 0.52421875 0.375 0.56171875 0.38984375 0.5625 0.40859375 0.5515625 0.43203125 0.565625 0.44296875 0.5640625 0.4546875 0.59140625 0.4640625 0.59453125 0.465625 0.58203125 0.4515625 0.53359375 0.44140625 0.5234375 0.43203125 0.53125
2 0.5296875 0.37578125 0.51875 0.36171875 0.521875 0.34609375 0.53046875 0.3328125 0.54296875 0.3359375 0.546875 0.32734375 0.54375 0.28203125 0.5296875 0.27109375 0.53828125 0.26875 0.55078125 0.2875 0.5640625 0.28671875 0.565625 0.31015625 0.57421875 0.3234375 0.5828125 0.31953125 0.58828125 0.2953125 0.60234375 0.3203125 0.61796875 0.3046875 0.634375 0.29921875 0.60625 0.23828125 0.6171875 0.21953125 0.6265625 0.18046875 0.63515625 0.1859375 0.640625 0.18203125 0.6328125 0.14921875 0.640625 0.12421875 0.62890625 0.1296875 0.621875 0.12578125 0.6171875 0.07734375 0.60546875 0.0734375 0.6015625 0.10390625 0.5921875 0.12265625 0.58515625 0.125 0.5765625 0.11796875 0.5796875 0.13828125 0.5703125 0.16953125 0.60078125 0.190625 0.6 0.16953125 0.609375 0.16953125 0.609375 0.18828125 0.59609375 0.2265625 0.59296875 0.21875 0.57578125 0.2171875 0.559375 0.20546875 0.5609375 0.15546875 0.55390625 0.1234375 0.53828125 0.1484375 0.53046875 0.1234375 0.515625 0.16015625 0.4953125 0.17734375 0.5015625 0.19140625 0.496875 0.24453125 0.5125 0.26796875 0.5171875 0.30234375 0.49375 0.36015625 0.46875 0.36953125 0.475 0.38515625 0.4609375 0.40546875 0.459375 0.41953125 0.47265625 0.4234375 0.48203125 0.41875 0.4859375 0.43515625 0.5078125 0.45078125 0.5125 0.42734375 0.525 0.42109375 0.5109375 0.39140625 0.5296875 0.37578125
2 0.21171875 0 0.209375 0.03359375 0.1921875 0.05546875 0.1921875 0.10703125 0.1984375 0.11171875 0.1796875 0.13359375 0.1890625 0.15703125 0.1765625 0.18203125 0.1875 0.19296875 0.18125 0.19765625 0.1875 0.23515625 0.19296875 0.2375 0.20078125 0.2265625 0.20546875 0.2375 0.2203125 0.23828125 0.2234375 0.20390625 0.23125 0.19765625 0.228125 0.15390625 0.2453125 0.14453125 0.25078125 0.128125 0.26328125 0.1390625 0.26875 0.10859375 0.2828125 0.09921875 0.2796875 0.08828125 0.2890625 0.07421875 0.284375 0.04921875 0.290625 0.02734375 0.28515625 0 0.21171875 0
2 0.1765625 0.37734375 0.17421875 0.36875 0.1625 0.36640625 0.1640625 0.34140625 0.15390625 0.3375 0.146875 0.35859375 0.134375 0.36171875 0.140625 0.38046875 0.121875 0.41484375 0.10234375 0.421875 0.0984375 0.43203125 0.1140625 0.44765625 0.1078125 0.45546875 0.11875 0.46015625 0.1171875 0.47578125 0.12421875 0.4828125 0.13359375 0.475 0.14140625 0.4765625 0.15390625 0.4609375 0.15625 0.48046875 0.1640625 0.48359375 0.1703125 0.47890625 0.1671875 0.46171875 0.1734375 0.44609375 0.1765625 0.37734375
2 0.053125 0.69609375 0.06015625 0.70625 0.07109375 0.7046875 0.08046875 0.7171875 0.0890625 0.71796875 0.0765625 0.66328125 0.06640625 0.6546875 0.0578125 0.66171875 0.053125 0.69609375
2 0 0.87890625 0.0046875 0.87890625 0.04375 0.84453125 0.0453125 0.81640625 0.0515625 0.80859375 0.046875 0.80078125 0.0515625 0.76953125 0.05546875 0.7734375 0.06328125 0.7609375 0.075 0.75703125 0.075 0.72578125 0.0875 0.71796875 0.08125 0.66796875 0.1 0.65703125 0.1 0.64765625 0.0953125 0.60859375 0.07890625 0.5953125 0.06875 0.61328125 0.0703125 0.63203125 0.04765625 0.653125 0.02578125 0.6390625 0.0234375 0.64765625 0.034375 0.66328125 0.0078125 0.68046875 0.0109375 0.71953125 0 0.74609375 0 0.76484375 0.01328125 0.7671875 0.01640625 0.759375 0.0171875 0.76640625 0 0.77578125 0 0.87890625
2 0.271875 0.94140625 0.259375 0.95390625 0.2671875 0.97421875 0.28203125 0.9859375 0.29296875 0.9828125 0.29765625 1 0.3359375 0.99921875 0.3265625 0.97734375 0.3 0.95703125 0.26640625 0.9125 0.271875 0.94140625
2 0.2734375 0.88046875 0.265625 0.89609375 0.2671875 0.91015625 0.2796875 0.91171875 0.3 0.88359375 0.3 0.87421875 0.29140625 0.86875 0.2734375 0.88046875
2 0.334375 0.90703125 0.3375 0.88203125 0.35078125 0.86875 0.36015625 0.884375 0.371875 0.88359375 0.365625 0.85546875 0.3578125 0.84765625 0.3671875 0.83203125 0.36328125 0.7765625 0.33125 0.78515625 0.3296875 0.81640625 0.31875 0.82578125 0.31796875 0.8453125 0.29609375 0.840625 0.28359375 0.8203125 0.27578125 0.81875 0.2703125 0.82578125 0.271875 0.84921875 0.2828125 0.86640625 0.265625 0.89453125 0.2640625 0.92265625 0.2703125 0.94140625 0.2609375 0.95078125 0.2609375 0.96328125 0.27578125 0.9828125 0.2953125 0.98671875 0.29609375 1 0.3359375 0.99921875 0.33125 0.98203125 0.3125 0.95703125 0.3421875 0.95390625 0.334375 0.90703125
2 0.953125 0.18515625 0.95703125 0.1796875 0.93203125 0.18125 0.9234375 0.15390625 0.91484375 0.15 0.90625 0.15703125 0.90625 0.18359375 0.8859375 0.20546875 0.89453125 0.2171875 0.92265625 0.2140625 0.9265625 0.21953125 0.93046875 0.2015625 0.95703125 0.2078125 0.9609375 0.18828125 0.953125 0.18515625
2 1 0.27109375 0.9859375 0.27890625 0.98359375 0.2921875 0.97734375 0.2859375 0.94453125 0.28125 0.92734375 0.26875 0.91484375 0.2703125 0.9109375 0.26484375 0.9171875 0.25078125 0.90703125 0.2359375 0.8890625 0.24765625 0.89375 0.26015625 0.90625 0.26640625 0.87578125 0.3015625 0.8453125 0.31484375 0.85 0.32890625 0.8453125 0.36015625 0.8703125 0.36953125 0.8609375 0.40546875 0.8703125 0.40703125 0.871875 0.43046875 0.8609375 0.46796875 0.87421875 0.4921875 0.890625 0.49296875 0.96171875 0.4140625 0.9671875 0.41640625 0.9671875 0.45546875 0.97734375 0.4671875 0.9859375 0.43671875 0.98125 0.39609375 0.9984375 0.39765625 0.98125 0.38359375 0.98125 0.36796875 1 0.35546875 1 0.27109375
2 0.9703125 0.04140625 0.9703125 0.05234375 0.9875 0.06484375 0.98125 0.09453125 0.990625 0.09765625 1 0.08828125 0.99921875 0.0265625 0.97890625 0.0296875 0.9703125 0.04140625
2 0.99921875 0.1875 0.984375 0.22421875 1 0.23203125 0.99921875 0.1875
2 0.78359375 0.7078125 0.79296875 0.684375 0.81015625 0.684375 0.82421875 0.66875 0.83671875 0.6703125 0.8484375 0.65859375 0.8328125 0.62578125 0.8421875 0.60078125 0.8390625 0.58828125 0.85625 0.56328125 0.84765625 0.5484375 0.82421875 0.55625 0.8171875 0.53828125 0.81171875 0.5375 0.80390625 0.5515625 0.78671875 0.5546875 0.759375 0.58359375 0.753125 0.60390625 0.7578125 0.63515625 0.7421875 0.65078125 0.753125 0.67421875 0.740625 0.71640625 0.740625 0.72265625 0.746875 0.72265625 0.74375 0.71796875 0.75390625 0.715625 0.76953125 0.6984375 0.78359375 0.7078125
2 0.71953125 1 0.7125 0.98203125 0.7015625 0.97734375 0.7109375 0.96640625 0.7140625 0.94296875 0.7328125 0.93359375 0.7296875 0.92734375 0.73515625 0.9203125 0.74375 0.92578125 0.7359375 0.96484375 0.74921875 0.9515625 0.7578125 0.96015625 0.7625 0.97421875 0.759375 0.99765625 0.7984375 0.99921875 0.7828125 0.97421875 0.7703125 0.88671875 0.7953125 0.85859375 0.8109375 0.82421875 0.76953125 0.8625 0.76171875 0.8640625 0.75390625 0.8546875 0.74140625 0.853125 0.753125 0.84453125 0.75234375 0.8359375 0.76875 0.83046875 0.76875 0.80078125 0.71171875 0.75 0.69765625 0.746875 0.68203125 0.753125 0.67109375 0.7484375 0.66875 0.80546875 0.66015625 0.8140625 0.64609375 0.8015625 0.640625 0.80546875 0.65 0.85078125 0.6375 0.85859375 0.6421875 0.91328125 0.628125 0.94453125 0.64375 0.98046875 0.6390625 0.99921875 0.67109375 1 0.68125 0.98515625 0.678125 0.97421875 0.68359375 0.971875 0.6953125 0.97734375 0.69609375 1 0.71953125 1
2 0.88359375 0.925 0.87578125 0.9328125 0.86640625 0.9296875 0.8515625 0.94609375 0.8625 0.98515625 0.87578125 0.9921875 0.89375 0.99140625 0.92109375 0.9765625 0.928125 0.96171875 0.91796875 0.946875 0.88359375 0.925
2 0.965625 0.86328125 0.95 0.84453125 0.953125 0.83984375 0.940625 0.81328125 0.940625 0.79140625 0.946875 0.78671875 0.95 0.76640625 0.9484375 0.73828125 0.93046875 0.740625 0.91328125 0.7640625 0.88515625 0.740625 0.8796875 0.74609375 0.8796875 0.76796875 0.896875 0.79296875 0.9015625 0.82890625 0.915625 0.83828125 0.9171875 0.84453125 0.909375 0.84921875 0.91640625 0.8515625 0.91796875 0.846875 0.9265625 0.85859375 0.925 0.87890625 0.92109375 0.884375 0.91640625 0.8765625 0.9078125 0.87890625 0.9078125 0.88828125 0.9015625 0.88671875 0.9015625 0.90859375 0.89296875 0.915625 0.8640625 0.91015625 0.8671875 0.92109375 0.8484375 0.94921875 0.8578125 0.97890625 0.86484375 0.9890625 0.89140625 0.9921875 0.89453125 0.9984375 0.90703125 0.9890625 0.91015625 0.9984375 0.92265625 0.9921875 0.92890625 1 0.9765625 0.99921875 0.9640625 0.97734375 0.95625 0.93984375 0.96875 0.90546875 0.965625 0.86328125
2 0.6984375 0.03515625 0.7046875 0.03984375 0.7140625 0.02578125 0.71484375 0 0.69375 0.00078125 0.6984375 0.03515625