1 0.095107984375 0 0.08944055937499999 0.0266631375 0.090285209375 0.0271593828125 0.0981022953125 0.044023046875 0.1170563828125 0.044251340625 0.1264192796875 0.053842529687499995 0.13871564218750002 0.03175280625 0.1608053671875 0.044049165625 0.1777831765625 0.026755035937499998 0.20428204375 0.03618806875 0.23023629843750001 0.030303246875000002 0.288802534375 0.0408516234375 0.30159949531249997 0.007466735937500001 0.29998134374999996 0 0.095107984375 0
2 0.29808511718749997 0.904593209375 0.295006553125 0.8877866203125 0.2556667125 0.8851254624999999 0.24630381406250001 0.8755342718750001 0.21967774062499998 0.9069298218749999 0.178234415625 0.9275748203124999 0.1591221671875 0.9102105578125 0.14744055312499998 0.9115280765625 0.13674707656250001 0.92160680625 0.13423513125 0.9334245749999999 0.4044582375 0.9908622687499999 0.433214490625 0.9751215953125 0.439999425 0.9566110312499999 0.4151605171875 0.930428484375 0.3779110984375 0.9358127062499999 0.3393441640625 0.9295153125000001 0.343867453125 0.9171749390624999 0.31141362968749997 0.9178777109375 0.29808511718749997 0.904593209375
2 0.870554396875 0.8039447359375 0.8788720812499999 0.8095132375 0.8588157078125 0.8100007765624999 0.8374988890624999 0.7940681781250001 0.789182603125 0.7799977124999999 0.7865345046875001 0.7879860187500001 0.7955109499999999 0.7993953265625 0.7782608328125 0.80903053125 0.776600875 0.8257800468750001 0.8295154171875 0.912087703125 0.849514715625 0.9163386859375 0.8620263109374999 0.9066464078124999 0.8608229390625001 0.8854877484375001 0.8743226734375 0.8845566828125 0.8585172812499999 0.8650449234375 0.8911863359375 0.8767395984374999 0.8998203406249999 0.9165800390625 0.84872875 0.9513264578125 0.848285225 0.9578830984375 0.9053757812500001 0.939613890625 0.9153534249999999 0.9284328734375 0.9198987203125 0.92939900625 0.9518970265625001 0.7788588187500001 0.9430198781250001 0.7803923921875 0.9259980546875 0.7710735078125001 0.9168503921875001 0.773879765625 0.9165650234375 0.7975723765625 0.8615910124999999 0.7611838921875 0.85569313125 0.766581171875 0.8722143546875 0.78719521875 0.870554396875 0.8039447359375
2 1 0.3457832515625 0.9746113296875001 0.3367454265625 0.96171328125 0.348255821875 0.9804390765625 0.3674382046875 0.9798243296875 0.38821041093750003 0.947585740625 0.40131063125 0.9046096625000001 0.39787656718750003 0.904824896875 0.4102740140625 0.8892787515625 0.42977271562499997 0.9120843093750001 0.44317136250000005 0.9245388296874999 0.4382176078125 0.9597418359375001 0.45140102187500003 0.9762190468749999 0.44540205468750005 1 0.4593737625 1 0.3457832515625
2 0.7196800984375 0.4364792890625 0.6986355859375 0.42820561718750005 0.6829312796875 0.43056834843749997 0.681227309375 0.4207048515625 0.6631472125 0.4387148140625 0.706224378125 0.46402336875000005 0.6958733421875001 0.4456709671875 0.714111596875 0.44479697500000004 0.7196800984375 0.4364792890625
2 0.5808753078125 0.45923260624999995 0.5887494671875 0.47135774843749995 0.6441099312499999 0.5059281140625 0.656836759375 0.508633284375 0.6631781671875 0.4966793625 0.63277075625 0.4788145015625 0.6299644984375 0.46966683593749997 0.6482598281249999 0.46405432187500006 0.6319538375 0.45583772343750006 0.6176942578125 0.429053490625 0.6441491125 0.4118735078125 0.6448209312500001 0.386362778125 0.6174350109375 0.3900430265625 0.605481090625 0.3837016203125 0.581344953125 0.3899728953125 0.5731854296875001 0.4015403625 0.5509244828125001 0.4034595671875 0.584252296875 0.42099505156249994 0.5953762390625 0.43571121562500004 0.59735251875 0.453233640625 0.5808753078125 0.45923260624999995
2 0.6266707031250001 0.44046279843749997 0.6287171140625001 0.4218951640625 0.6460813765625 0.402782915625 0.644434478125 0.388180896875 0.5915949031250001 0.38645080468750004 0.554947171875 0.40241435625 0.5884902203125 0.43234728593750005 0.5808753078125 0.45923260624999995 0.591612796875 0.475766890625 0.6495642875 0.5070874734374999 0.6624052609375 0.5003156 0.6328278296875001 0.474075978125 0.6391692359375 0.46212205781250004 0.6266707031250001 0.44046279843749997
2 0.0312019203125 0.331944484375 0.25885315000000003 0.3784329859375 0.27747785937499997 0.37574087500000003 0.2798536484375 0.36009364375 0.2723088703125 0.35088890625 0.030423493750000002 0.3043165953125 0.020898365625000002 0.3491288 0.0312019203125 0.331944484375
2 0.16765220625 0.1414677046875 0.18120901250000002 0.13579811718749998 0.187322128125 0.1427982828125 0.2119588625 0.125231846875 0.2359808515625 0.1284376171875 0.254434340625 0.139961071875 0.2712980046875 0.1321439875 0.30584225 0.13948659375 0.31179720624999996 0.1293507890625 0.3065140703125 0.1139758640625 0.315117121875 0.09585175625 0.29264094375 0.0853735125 0.281187621875 0.06773694375 0.2389404375 0.034053629687499996 0.226213609375 0.031348459375 0.2209744875 0.042586548437499996 0.23385947499999998 0.0624276890625 0.22718868906249998 0.07146120624999999 0.19716773125 0.051778225 0.17616723125 0.0701175671875 0.1613499796875 0.05936701875 0.1488954578125 0.0643207734375 0.11253309375000001 0.0565917140625 0.0803589140625 0.0693889140625 0.05965147656250001 0.16680975 0.079868871875 0.1655646609375 0.09832236093749999 0.177088115625 0.1192087140625 0.16822581875 0.135185325 0.1735220140625 0.1473675390625 0.16090933125 0.1790484546875 0.16384279531249998 0.1845598828125 0.1602636328125 0.16765220625 0.1414677046875
2 0.619339715625 0.050301106250000005 0.67717006875 0.0264883625 0.6429221234375 0.0192087375 0.5925114703125 0.0379476734375 0.6025902000000001 0.04864115 0.619339715625 0.050301106250000005
2 0.5345909328125 0.064591640625 0.488909684375 0.0738844046875 0.47150140937499996 0.06638363750000001 0.4333078671875 0.0896196625 0.44300014374999996 0.10213125625 0.46338589687500004 0.1045641203125 0.4719758875 0.11779154843749999 0.5953356203125 0.13641142343749998 0.6048697375 0.131787046875 0.597052653125 0.114923384375 0.6130423234375 0.08886804375 0.6080885671875 0.076413521875 0.5549326734375 0.040411490625000004 0.5345909328125 0.064591640625
2 0.8877624531249999 0.1016553375 0.8951490734374999 0.09372410625000001 0.9107963046875 0.0960998953125 0.9021492390624999 0.0876109921875 0.9443524109375 0.094681290625 0.9498795734375 0.0844545578125 0.79187135 0.050868873437499997 0.7665632796875 0.05499078281250001 0.75625625625 0.0632513953125 0.7662208390624999 0.083421915625 0.8210366921875 0.1026744296875 0.8255029078125 0.095072578125 0.8154812515625001 0.079640578125 0.8209926796874999 0.07606141718750001 0.8877624531249999 0.1016553375
2 0.5761561171875 0.94184601875 0.5948379 0.9344153875 0.636039871875 0.9640760125 0.652187703125 0.955156640625 0.6578703515625001 0.9373619109375 0.6765521328124999 0.9299312796875 0.6881326624999999 0.90673926875 0.7205294109375 0.9107750171875001 0.7047810921875 0.8865247359374999 0.740440684375 0.8617999718749999 0.7412706625000001 0.8534252125 0.7077716281249999 0.8501052984375 0.6912944171875 0.8561042640625001 0.6532280828125 0.8385117093750001 0.6326140359375 0.85503293125 0.5901385578125 0.84030370625 0.564184303125 0.846188528125 0.530399903125 0.8665612203125 0.5243308015625 0.8861740671874999 0.5042173562500001 0.8914001296875 0.50520549375 0.900161340625 0.5265793875 0.9113554171875 0.512851359375 0.9312405703125 0.514168878125 0.9429221859375 0.5250205140624999 0.9499794250000001 0.5583613890625 0.936163371875 0.5761561171875 0.94184601875
2 0.8273630843750001 0.788113225 0.7873644843750001 0.779611259375 0.775169209375 0.8235754765625 0.8226293953124999 0.9087237734375 0.8513328359375001 0.9167251390625 0.871288121875 0.8943631078125 0.8929343218750001 0.913216109375 0.8887974859375 0.923738365625 0.8380352734375001 0.9614051874999999 0.8863075468750001 0.948862640625 0.9186032078125 0.9310238984374999 0.919488115625 0.9313307562500001 0.9522089484375 0.7773913375 0.92236181875 0.7703006015625 0.9105660578125001 0.781095165625 0.861977465625 0.759365771875 0.8520568953125001 0.765808265625 0.8657147875 0.7820131703125 0.8662594015625 0.7973310234375 0.8472482390625 0.8018412500000001 0.8273630843750001 0.788113225